-1.692861595262966645e-01
-1.741847376248073509e-01
-1.769317182945835398e-01
-1.689137788259693629e-01
-1.646267326715378232e-01
-1.604520771215516284e-01
-1.633640109975575960e-01
-1.720080207195278099e-01
-1.717533154550214824e-01
-1.637759248035117743e-01
-1.778170670385312846e-01
-1.656541239124003084e-01
-1.659190414852598217e-01
-1.922436108170466618e-01
-1.669257064650842004e-01
-1.813457111836109803e-01
-1.895238038762601107e-01
-1.925081435763185134e-01
-1.938092973474412339e-01
-1.961754164807514300e-01
-1.637557624878569484e-01
-1.788738587219240728e-01
-1.690154220803337104e-01
-1.795132686685163570e-01
-1.626865063175384485e-01
-1.643411113129156220e-01
-1.583473212468300417e-01
-1.867960257342993202e-01
-1.714153210942841454e-01
-1.640144749993552864e-01
-1.605701927280027697e-01
-1.524754984601583985e-01
-1.518207569243008592e-01
-1.824686097364707216e-01
-1.622043356423459315e-01
-1.721078441459238384e-01
-1.656666660297152482e-01
-1.782043038114431432e-01
-1.695512908872562896e-01
-1.814092714677357776e-01
-1.782864911467352265e-01
-1.784788753735107036e-01
-1.786505384073726610e-01
-1.720423248971489905e-01
-1.754507670187410717e-01
-1.694273318104566606e-01
-1.737135571964403269e-01
-1.578085106442150831e-01
-1.848722482596882877e-01
-1.686383480500071030e-01
-1.615052525022817598e-01
-1.669594634630509056e-01
-1.706871551174327095e-01
-1.783706938799025643e-01
-1.906810695859202376e-01
-1.640690713377597199e-01
-1.689872103657146241e-01
-1.724950272234959670e-01
-1.839863765077920377e-01
-1.726551388558541511e-01
-1.794575570171930146e-01
-1.929814476879072593e-01
-1.979051228088111181e-01
-1.955069065017185359e-01
-1.856584006319841329e-01
-1.894627257530752118e-01
-1.753781820631870048e-01
-1.780659027542390582e-01
-1.893299108017378884e-01
-1.756350225249714292e-01
-1.657319166405022415e-01
-1.788323585402631366e-01
-1.620293433101558378e-01
-1.712895207264284458e-01
-1.671736735159750076e-01
-1.600686192530154095e-01
-1.580202033209765489e-01
-1.630738826561262123e-01
-1.668036600322757579e-01
-1.750005086146924071e-01
-1.734155331903446395e-01
-1.693359849233408987e-01
